1605.041 4642.686 
7147.009 6489.497 
6790.853 1132.363 
3246.833 4670.006 
6251.612 4436.755 
9989.614 8225.028 
9397.302 -5614.003 
7146.162 6190.542 
4134.982 6185.017 
1002.227 6384.185 
8653.829 2412.313 
8507.219 9589.537 
2828.407 9716.504 
2933.159 8348.715 
2666.284 8859.378 
3681.128 9831.426 
4273.382 9034.742 
1059.893 2845.605 
-5966.566 7801.974 
2391.851 2683.158 
4224.173 3503.665 
2740.516 9241.840 
8250.482 8014.928 
5133.997 3794.231 
2225.108 9131.027 
1305.224 8600.339 
6423.420 6392.187 
1714.995 3868.542 
5699.822 8365.683 
3297.177 3438.577 
