8744.800 7777.889 
6412.360 9406.164 
6986.645 8080.990 
4309.007 7047.617 
3758.133 3806.663 
8676.407 5605.778 
4596.248 9029.789 
9663.106 2198.944 
5334.912 8204.642 
7428.234 6256.827 
2130.324 9170.805 
1155.566 9583.418 
5183.563 7606.912 
9336.474 1782.934 
8451.991 7909.752 
5789.715 6898.539 
7611.437 1153.654 
1117.504 9705.818 
9021.113 5927.063 
5496.105 8658.583 
7327.893 8389.807 
5069.595 9636.546 
6770.774 7526.089 
6608.532 1498.627 
2439.441 1732.456 
6187.730 1914.695 
3612.126 5994.327 
7055.325 9399.509 
7855.335 6463.683 
1241.868 7142.470 
8837.504 4684.097 
8919.367 1312.367 
2002.619 4791.024 
7713.879 1985.581 
6352.383 2627.398 
3820.793 5110.581 
3863.474 2427.364 
7030.961 5886.291 
5178.660 9905.732 
6409.312 1796.525 
5060.956 2224.230 
6519.459 9641.374 
5224.931 3447.763 
3252.167 8376.765 
9480.315 9992.538 
2856.357 6203.733 
5037.574 9590.565 
3409.603 5824.144 
7729.336 6150.852 
7774.253 5498.196 
6652.064 5424.529 
5187.150 4464.054 
1153.261 4487.791 
6338.480 2933.601 
7632.771 2583.301 
9487.745 4816.962 
4638.086 4880.928 
8356.503 9351.665 
2648.993 3911.736 
2889.385 1639.482 
9542.172 6785.710 
1280.836 1830.037 
3415.276 2181.289 
6579.186 8258.381 
3500.738 5764.685 
1379.943 8516.550 
1479.942 8618.385 
2834.137 4115.760 
3678.876 5519.216 
6574.847 8812.820 
9916.657 5625.814 
5793.056 3154.988 
4984.848 2648.446 
1553.073 1772.956 
1220.788 7482.318 
8776.956 6967.560 
9266.843 6988.661 
5904.151 6283.105 
2600.633 7520.865 
4205.211 7190.907 
3347.641 6001.243 
6078.447 3791.556 
2858.237 5273.550 
1753.583 5409.914 
6930.595 6078.525 
3619.089 4786.321 
5814.961 4168.434 
8725.957 1632.114 
1654.432 4229.145 
5326.950 6931.288 
8204.187 9404.161 
9689.111 9028.694 
6781.026 4632.877 
2886.677 9053.151 
3115.959 6368.878 
4295.083 8703.023 
7653.992 2108.556 
8486.664 7637.610 
6953.703 6455.426 
1103.569 6997.766 
8800.092 8476.297 
